-6.000000 0.000000 -1.750000
-5.706340 1.854100 -1.750000
-5.706340 -1.854100 -1.750000
-4.854100 3.526710 -1.750000
-3.526710 4.854100 -1.750000
-1.854100 5.706340 -1.750000
0.000000 6.000000 -1.750000
1.854100 5.706340 -1.750000
3.526710 4.854100 -1.750000
4.854100 3.526710 -1.750000
5.706340 1.854100 -1.750000
6.000000 0.000000 -1.750000
5.706340 -1.854100 -1.750000
4.854100 -3.526710 -1.750000
3.526710 -4.854100 -1.750000
1.854100 -5.706340 -1.750000
0.000000 -6.000000 -1.750000
-1.854100 -5.706340 -1.750000
-3.526710 -4.854100 -1.750000
-4.854100 -3.526710 -1.750000
-4.755280 1.545080 -0.750000
-5.000000 0.000000 -0.750000
-4.755280 -1.545080 -0.750000
-4.045080 -2.938930 -0.750000
-2.938930 -4.045080 -0.750000
-1.545080 -4.755280 -0.750000
0.000000 -5.000000 -0.750000
1.545080 -4.755280 -0.750000
2.938930 -4.045080 -0.750000
4.045080 -2.938930 -0.750000
4.755280 -1.545080 -0.750000
5.000000 0.000000 -0.750000
4.755280 1.545080 -0.750000
4.045080 2.938930 -0.750000
2.938930 4.045080 -0.750000
1.545080 4.755280 -0.750000
0.000000 5.000000 -0.750000
-1.545080 4.755280 -0.750000
-2.938930 4.045080 -0.750000
-4.045080 2.938930 -0.750000
-0.151418 -0.466018 -0.750000
0.151418 0.466018 -0.750000
0.288015 0.396418 -0.750000
-0.288015 -0.396418 -0.750000
-0.396418 -0.288015 -0.750000
-0.490000 0.000000 -0.750000
-0.466018 -0.151418 -0.750000
-0.466018 0.151418 -0.750000
0.396418 -0.288015 -0.750000
0.288015 -0.396418 -0.750000
0.466018 -0.151418 -0.750000
-0.288015 0.396418 -0.750000
-0.396418 0.288015 -0.750000
-0.151418 0.466018 -0.750000
0.000000 0.490000 -0.750000
0.396418 0.288015 -0.750000
0.466018 0.151418 -0.750000
0.490000 0.000000 -0.750000
0.151418 -0.466018 -0.750000
0.000000 -0.490000 -0.750000
-0.490000 0.000000 3.000000
-0.466018 -0.151418 3.000000
-0.396418 -0.288015 3.000000
-0.288015 -0.396418 3.000000
-0.151418 -0.466018 3.000000
0.000000 -0.490000 3.000000
0.151418 -0.466018 3.000000
0.288015 -0.396418 3.000000
0.396418 -0.288015 3.000000
0.466018 -0.151418 3.000000
0.490000 0.000000 3.000000
0.466018 0.151418 3.000000
0.396418 0.288015 3.000000
0.288015 0.396418 3.000000
0.151418 0.466018 3.000000
0.000000 0.490000 3.000000
-0.151418 0.466018 3.000000
-0.288015 0.396418 3.000000
-0.396418 0.288015 3.000000
-0.466018 0.151418 3.000000
